Problem name: u120_00
Best Known Solution: 48
Improved Solution: 47
Items:
[93, 57]
[78]
[76, 73]
[42, 36, 72]
[78, 45, 26]
[98, 45]
[96, 25, 29]
[84, 64]
[98, 42]
[91, 59]
[41, 44, 57]
[44, 37, 55]
[83, 67]
[69, 80]
[84, 33, 33]
[80, 69]
[74, 74]
[83, 66]
[49, 60, 41]
[87, 42, 20]
[43, 42, 38, 25]
[58, 62, 28]
[46, 69, 33]
[79, 70]
[98, 43]
[82, 43, 23]
[84, 42, 23]
[91, 58]
[57, 84]
[43, 80, 27]
[47, 32, 71]
[85, 39, 24]
[92, 38]
[62, 85]
[55, 39, 55]
[86, 58]
[36, 81, 32]
[96, 50]
[73, 73]
[78, 30, 36]
[93, 57]
[84, 30, 35]
[90, 46]
[49, 70, 30]
[79, 70]
[94, 49]
[82, 41, 27]

Problem name: u120_00
Best Known Solution: 48
Improved Solution: 47
Items:
[84, 60]
[41, 25, 83]
[91, 59]
[57, 58, 30]
[84, 46, 20]
[92, 57]
[70, 78]
[96, 43]
[27, 32, 84]
[96, 49]
[58, 82]
[62, 86]
[42, 84, 24]
[73, 73]
[85, 60]
[82, 35, 33]
[55, 55, 36]
[57, 93]
[98, 45]
[73, 26, 43]
[55, 43, 46]
[84, 41, 23]
[73, 74]
[79, 70]
[70, 72]
[81, 25, 44]
[33, 67, 47]
[91, 57]
[33, 41, 74]
[98, 50]
[80, 32, 38]
[93, 44]
[80, 28, 42]
[83, 23, 38]
[98, 49]
[80, 29, 37]
[69, 76]
[58, 30, 62]
[94, 49]
[69, 42, 36]
[90, 39]
[87, 27, 36]
[66, 45, 38]
[71, 78]
[39, 69, 42]
[85, 64]
[78, 42, 30]

Problem name: u120_00
Best Known Solution: 48
Improved Solution: 47
Items:
[43, 64, 43]
[58, 90]
[58, 91]
[85, 38, 27]
[96, 45]
[43, 70, 33]
[72, 78]
[38, 41, 42, 28]
[98, 49]
[69, 81]
[57, 92]
[83, 60]
[84, 37, 29]
[35, 33, 82]
[74, 76]
[78, 33, 38]
[84, 43, 23]
[93, 57]
[96, 30, 23]
[39, 79, 32]
[47, 98]
[39, 69, 36]
[62, 58, 24]
[84, 66]
[93, 36, 20]
[41, 55, 49]
[73, 71]
[36, 44, 70]
[73, 69]
[94, 49]
[86, 59]
[73, 70]
[73, 74]
[79, 46, 25]
[45, 98]
[78, 46, 26]
[42, 50, 57]
[80, 44, 25]
[80, 42, 27]
[84, 66]
[87, 57]
[83, 55]
[82, 62]
[42, 78, 30]
[84, 60]
[80, 67]
[85, 33, 32]

Problem name: u120_00
Best Known Solution: 48
Improved Solution: 47
Items:
[60, 41, 44]
[84, 32, 33]
[70, 78]
[84, 66]
[93, 57]
[55, 94]
[46, 98]
[62, 87]
[42, 74, 33]
[91, 57]
[64, 83]
[58, 49, 43]
[70, 80]
[73, 70]
[73, 46, 30]
[98, 47]
[74, 38, 37]
[82, 38, 29]
[39, 84, 25]
[69, 80]
[91, 57]
[55, 38, 55]
[43, 25, 82]
[73, 73]
[92, 23, 35]
[84, 66]
[90, 59]
[86, 41, 23]
[69, 79]
[85, 60]
[69, 78]
[50, 96]
[98, 41]
[36, 83, 30]
[93, 57]
[27, 96, 27]
[76, 71]
[62, 44, 42]
[79, 45, 26]
[80, 67]
[72, 78]
[43, 85, 20]
[49, 58, 42]
[33, 39, 78]
[43, 24, 81]
[36, 49, 36, 28]
[45, 42, 58]

Problem name: u120_00
Best Known Solution: 48
Improved Solution: 47
Items:
[38, 66, 43]
[39, 36, 73]
[80, 70]
[80, 70]
[83, 38, 29]
[69, 74]
[71, 78]
[87, 58]
[57, 93]
[67, 69]
[94, 45]
[84, 24, 42]
[78, 69]
[98, 47]
[36, 80, 33]
[96, 39]
[37, 30, 82]
[30, 46, 74]
[23, 93, 33]
[98, 45]
[41, 58, 27, 23]
[85, 64]
[25, 81, 43]
[59, 90]
[43, 96]
[42, 28, 38, 42]
[76, 73]
[82, 62]
[85, 55]
[98, 50]
[46, 25, 79]
[84, 32, 33]
[41, 43]
[84, 57]
[92, 30, 26]
[42, 36, 42, 27]
[60, 57, 32]
[91, 55]
[44, 41, 30, 35]
[73, 70]
[86, 57]
[91, 58]
[55, 73, 20]
[49, 44, 49]
[84, 60]
[72, 78]
[83, 62]

Problem name: u120_00
Best Known Solution: 48
Improved Solution: 47
Items:
[78, 72]
[90, 32, 24]
[87, 60]
[42, 39, 36, 32]
[42, 59, 46]
[84, 39, 25]
[93, 55]
[73, 73]
[93, 57]
[82, 62]
[20, 74, 33, 23]
[27, 27, 79]
[80, 70]
[84, 66]
[83, 64]
[42, 38, 70]
[43, 78, 29]
[83, 55]
[43, 57, 49]
[84, 59]
[60, 45, 43]
[73, 41, 36]
[92, 57]
[91, 33, 25]
[78, 42, 30]
[43, 26, 81]
[38, 41]
[91, 58]
[84, 36, 30]
[96, 44]
[85, 62]
[70, 80]
[67, 44, 38]
[86, 30, 33]
[50, 98]
[47, 46, 49]
[84, 38, 28]
[79, 69]
[85, 58]
[80, 69]
[82, 45, 23]
[98, 49]
[98, 36]
[42, 37, 71]
[41, 35, 73]
[94, 55]
[74, 76]

Problem name: u120_00
Best Known Solution: 48
Improved Solution: 47
Items:
[84, 38, 26]
[92, 43]
[74, 72]
[84, 62]
[35, 58, 30, 24]
[94, 50]
[81, 62]
[44, 78, 25]
[71, 79]
[93, 57]
[87, 60]
[91, 30, 29]
[73, 74]
[49, 73, 28]
[27, 90, 33]
[83, 33, 33]
[39, 38, 73]
[86, 57]
[84, 41, 25]
[59, 91]
[45, 96]
[47, 55, 44]
[69, 80]
[70, 57, 20]
[46, 98]
[42, 23, 83]
[60, 82]
[82, 64]
[66, 42, 42]
[69, 43, 37]
[84, 38, 27]
[43, 55, 49]
[78, 70]
[80, 36, 32]
[57, 93]
[46, 98]
[36, 30, 84]
[69, 39, 42]
[49, 78, 23]
[32, 79, 36]
[76, 73]
[45, 98]
[85, 58]
[78, 70]
[96, 41]
[42, 41, 67]
[85, 55]

Problem name: u120_00
Best Known Solution: 48
Improved Solution: 47
Items:
[91, 57]
[93, 41]
[84, 41, 23]
[45, 23, 82]
[84, 59]
[47, 94]
[76, 73]
[98, 46]
[98, 49]
[60, 87]
[27, 43, 80]
[73, 32, 44]
[25, 42, 49, 27]
[79, 70]
[84, 36, 28]
[84, 66]
[42, 49, 33, 26]
[83, 67]
[50, 96]
[41, 42, 64]
[78, 71]
[69, 43, 33]
[55, 93]
[73, 38, 39]
[42, 45, 58]
[43, 96]
[91, 44]
[79, 70]
[78, 72]
[69, 81]
[98, 43]
[82, 39, 29]
[36, 36, 74]
[30, 73, 46]
[83, 42, 25]
[92, 58]
[90, 60]
[84, 62]
[55, 38, 55]
[85, 62]
[85, 32, 33]
[86, 62]
[76, 74]
[58, 35, 37, 20]
[57, 30, 24, 38]
[78, 70]
[57, 30, 57]

Problem name: u120_00
Best Known Solution: 48
Improved Solution: 47
Items:
[98, 49]
[85, 60]
[98, 49]
[72, 78]
[96, 47]
[86, 60]
[27, 43, 80]
[76, 73]
[90, 25, 33]
[94, 55]
[98, 42]
[79, 71]
[50, 74, 26]
[85, 49]
[42, 46, 62]
[91, 39, 20]
[92, 58]
[81, 69]
[70]
[30, 36, 84]
[33, 38, 78]
[83, 57]
[83, 67]
[43, 57, 45]
[57, 93]
[78, 41, 29]
[44, 45, 46]
[84, 57]
[73, 42, 35]
[84, 66]
[87, 62]
[59, 91]
[55, 25, 70]
[69, 38, 42]
[93, 47]
[32, 43, 74]
[80, 70]
[44, 32, 73]
[39, 38, 73]
[84, 43, 23]
[41, 82, 27]
[28, 78, 42]
[30, 96, 24]
[64, 84]
[23, 33, 36, 58]
[37, 55, 58]
[41, 30, 79]

Problem name: u120_00
Best Known Solution: 48
Improved Solution: 47
Items:
[94, 55]
[84, 42, 23]
[98, 30, 20]
[58, 43, 45]
[96]
[73, 76]
[80, 70]
[96, 49]
[57, 93]
[62, 83]
[33, 84, 32]
[42, 49, 57]
[78, 55]
[79, 38, 33]
[36, 28, 82]
[91, 58]
[26, 43, 81]
[32, 44, 73]
[38, 82, 27]
[84, 66]
[41, 98]
[69, 78]
[71, 79]
[57, 93]
[30, 42, 78]
[25, 92, 33]
[39, 43, 64]
[84, 44]
[35, 41, 24, 50]
[98, 49]
[90, 60]
[80, 70]
[41, 86, 23]
[42, 62, 46]
[30, 43, 73]
[80, 70]
[47, 46, 57]
[39, 42, 69]
[87, 27, 36]
[74, 74]
[37, 55, 58]
[78, 72]
[91, 59]
[85, 29, 36]
[85, 60]
[83, 67]
[38, 25, 84]

Problem name: u120_00
Best Known Solution: 48
Improved Solution: 47
Items:
[33, 78, 38]
[92, 57]
[72, 78]
[85, 60]
[58, 91]
[91, 59]
[96, 26, 28]
[70, 79]
[25, 80, 45]
[55, 93]
[47, 39, 62]
[55, 94]
[46, 71, 32]
[42, 39, 33, 36]
[98, 49]
[42, 84, 24]
[38, 41, 43]
[32, 33, 84]
[57, 82]
[74, 76]
[79, 42, 29]
[73]
[42, 98]
[96, 49]
[67, 82]
[43, 43, 64]
[84, 42, 23]
[30, 84, 35]
[98, 50]
[86, 62]
[66, 83]
[44, 78, 27]
[30, 45, 74]
[85, 38, 27]
[80, 70]
[69, 46, 30]
[87, 58]
[23, 78, 49]
[36, 41, 73]
[90, 57]
[44, 25, 81]
[58, 55, 36]
[60, 84]
[37, 41, 69]
[73, 73]
[93, 57]
[20, 69, 60]

