Problem name: u120_01
Best Known Solution: 49
Improved Solution: 47
Items:
[55, 53, 39]
[33, 47, 66]
[35, 60, 38]
[24, 88, 37]
[38, 60, 50]
[100, 48]
[72, 75]
[62, 81]
[67, 29, 53]
[95, 23, 32]
[48, 98]
[53, 95]
[65, 80]
[45, 27, 75]
[59, 41, 45]
[30, 49, 71]
[68, 82]
[43, 98]
[99, 46]
[98, 52]
[90, 60]
[47, 22, 80]
[67, 52, 30]
[29, 64, 57]
[72, 78]
[45, 98]
[94, 36, 20]
[57, 61]
[99, 46]
[65, 81]
[58, 61, 27]
[95, 55]
[100, 22, 27]
[47, 67, 36]
[70, 79]
[57, 92]
[79, 44, 25]
[97, 53]
[43, 36, 67]
[97, 53]
[97, 53]
[90, 39, 20]
[70, 80]
[66, 81]
[23, 39, 88]
[74, 76]
[85, 43, 22]

